92.9894 -9.6430 -4.6412 -6.8569 -5.2263 -4.9604 2.3191 -0.4579 0.5685 1.8047 2.6274 5.2223 6.5404 1
73.4054 6.5269 -6.6736 0.5054 -4.4818 -5.1157 -6.3784 1.6296 -3.3999 0.0652 -2.5042 1.7626 -1.0612 1
94.6334 -4.5986 -12.4970 -6.3137 -6.7072 -7.4690 -6.7463 -3.6960 -3.4587 -1.4178 -1.3265 1.8756 0.6391 1
89.1135 -2.2287 0.2304 -2.7300 -0.9133 -1.9530 -1.0086 0.1486 2.0624 1.1938 -1.0113 0.1567 -1.2346 1
76.1929 2.5222 9.1796 4.3947 6.6885 4.0074 1.9488 2.2791 -0.2567 2.8208 -2.9867 -3.6861 -2.2471 1
89.2876 -9.5880 -2.2731 -2.4759 -9.6567 -8.9819 -8.2816 -4.2076 -3.5384 -0.8394 5.0348 4.1857 6.8418 1
100.3956 -3.6816 2.5497 1.7038 -3.5063 0.8044 0.5834 -1.4490 -1.1852 -0.5209 -1.8379 3.0695 0.8730 1
76.9795 -1.3190 0.8556 -3.0508 -1.3605 -0.1168 1.9130 -0.3648 -1.2001 -2.0726 -0.1056 0.1039 0.6309 1
89.3558 -1.5914 1.4245 0.0085 -1.8327 0.0986 -1.2333 1.0466 -0.5729 1.1237 4.0781 1.3073 4.7004 1
95.7301 1.2592 -4.7914 -2.5527 -10.6678 -4.8543 -3.9904 -2.9412 -5.1858 -4.2547 -2.9534 0.0230 -4.5159 1
96.8554 -5.0456 -7.4576 -2.0745 1.6255 -0.5371 -6.3433 -1.5804 -1.6179 4.7079 3.3792 0.3439 -0.6716 1
87.6053 2.8153 1.2345 1.8984 0.1777 -0.5118 -1.3262 -3.9728 -3.9854 1.3336 -1.9563 0.4431 0.4215 1
98.8189 -2.3295 -1.3913 -0.1817 -1.6362 -4.0675 -2.4736 -1.9805 -0.2773 0.3193 2.2632 3.2881 4.5210 1
78.7999 1.2749 0.1427 -0.3944 -4.8975 -0.7421 -2.8042 -1.5433 -2.0085 -0.4825 -0.4465 -0.1494 -2.4842 1
78.6528 2.5809 0.8713 -3.2178 -3.9593 1.5886 -0.3377 -0.5624 -2.2286 -1.3643 0.3550 2.3999 2.6548 1
82.5438 2.9313 -3.6257 -5.2176 -5.4791 -2.0203 -2.2184 -0.2393 -3.3913 1.6305 2.6735 2.7018 0.3256 1
88.7139 -8.1609 0.3902 -0.8573 -8.8468 -2.1611 -2.5045 0.2141 2.6793 5.5664 8.0879 4.8908 5.2093 1
78.7234 4.0684 -2.1417 -0.4298 -1.7630 -1.9496 -4.8443 -0.7755 1.9268 -0.2184 0.0611 -0.4722 -0.6133 1
73.5465 10.7067 1.1124 -7.9402 -4.1169 0.8898 -4.2871 -4.2289 -6.0960 -3.3746 -4.8309 -4.8852 -1.0125 1
91.8692 6.0808 -2.8963 -6.5537 -1.4849 1.3284 -1.0655 -0.4594 4.4707 2.0932 0.7850 -0.8288 2.5827 1
91.1217 -1.5519 0.5314 -3.0043 0.5452 2.1025 -1.9418 3.5931 -1.5552 1.4248 1.8093 -4.4761 -0.8374 1
88.8725 2.4776 -8.1237 -2.1610 -2.1129 -6.4328 -4.9428 -2.2012 -0.0805 -1.0286 -0.4450 1.6835 1.1133 1
85.7793 -0.0301 1.3313 1.9724 0.2328 -1.0505 1.5401 -0.9780 -2.4439 -1.9767 -0.4954 5.0303 4.4092 1
83.7553 -0.2339 0.6114 1.2827 -0.7967 -1.1409 1.1058 -1.8021 -0.6250 -0.4934 1.9487 -0.7447 0.4139 1
88.5346 -1.4213 0.5874 9.3034 -4.6666 -4.7531 -7.9058 -3.0481 0.9006 -1.0035 -1.6218 -1.9093 -2.2903 1
90.4051 -8.6356 0.7761 -4.8275 -11.7174 -9.6708 -9.7328 -2.6822 -5.3218 5.8406 1.6147 5.0920 6.3369 1
86.0018 -1.5749 -1.4774 -0.6128 -1.4672 0.8596 -0.5513 -0.1061 1.8797 0.4045 -0.0367 2.8944 1.1092 1
82.6778 1.1015 3.1567 1.5451 2.1353 2.3849 -1.4313 -1.5326 -1.6942 -0.1184 2.6059 3.4089 -0.6390 1
64.3963 -3.9587 4.3708 4.6468 -1.0424 -1.8152 -0.6678 -4.5983 5.6494 1.7819 -2.6981 -3.0125 3.8656 1
91.6457 -4.9928 0.8802 -2.9130 -12.8271 -8.0783 -7.1789 -2.3366 -0.0429 9.6177 3.0241 9.2482 7.7843 1
94.0046 2.0332 -3.5855 -1.7398 0.4898 -1.1675 0.1212 -0.9518 -1.4277 -1.8724 -1.3380 -3.3004 -3.6886 1
91.3161 -0.9813 -1.5640 -2.1365 -2.2946 -3.9579 -2.9360 -1.5190 -2.3883 -1.8364 -2.1764 1.9495 -3.1152 1
99.2350 -2.0779 3.3472 0.3189 -2.5189 -2.1145 -2.7789 -4.7485 -1.4807 -4.9225 0.5326 -0.2672 -7.1895 1
69.3141 9.1392 2.7698 1.0370 -0.7004 0.3839 -3.0890 -4.8405 -9.1303 -3.5007 -2.1951 -2.6108 1.4696 1
95.3344 -1.5253 0.7528 2.5475 -1.8654 2.5116 -0.1214 -3.2299 -1.6088 0.6948 -1.9152 -3.2324 -4.9247 1
89.5152 -6.1378 -0.3063 -2.5030 -10.4899 -10.2618 -11.6404 -5.9892 -8.5264 -0.7168 2.5157 2.2008 4.1812 1
86.7949 -2.1280 -5.0052 2.2156 -1.3791 -0.7586 0.0423 0.3889 1.3389 -0.9630 -1.6289 0.6642 4.0012 1
84.6884 -1.8996 1.2889 -2.2413 1.7537 -0.8810 2.2602 2.7024 -1.8677 1.6781 -1.5651 0.0263 -1.2834 1
99.4746 -16.3164 -1.8681 -5.2577 -16.1948 -7.0033 -5.4510 -0.9954 -2.9372 -2.0904 4.4359 2.6522 6.2585 1
94.2290 -6.1761 -1.0929 -4.9037 -7.7999 -6.8828 -7.8908 -5.8695 -4.6320 2.3005 1.9009 4.6740 4.4677 1
95.6708 -5.4248 -3.1406 -2.2867 -17.6771 -8.3395 -9.4786 -5.1057 -4.4310 -2.2022 1.3856 2.8906 2.7881 1
96.8551 -11.2484 -6.0468 -3.7935 -13.8064 -6.5436 -3.6266 3.4578 -5.6978 -2.9071 1.1540 2.4868 2.7226 1
78.9002 -0.1025 -2.8057 -1.5394 -0.9174 -2.1415 -2.6859 0.3895 -1.9725 -0.7405 -0.6472 0.5722 -0.0504 1
84.6442 0.6940 -1.2966 -4.0956 -6.9730 -5.1195 -2.9367 -3.4571 -4.8171 -0.4000 -0.3540 -0.5237 1.0322 1
91.8612 1.2593 1.3478 -1.5669 -1.9825 -2.6483 -3.7917 -1.5325 -2.0751 -2.6507 3.7907 4.8098 0.2998 1
90.1791 -0.5845 3.0430 1.0092 -0.3163 -2.0814 -2.3701 -1.5354 -1.0857 2.2942 6.4337 2.8113 -6.1243 1
83.4279 0.0160 -2.9003 1.7636 2.2105 -1.7318 -2.0043 -3.8128 0.2917 -0.0441 5.5886 -3.0242 0.2959 1
77.5169 0.9063 -2.4054 2.4743 -5.3291 -3.3921 -5.0638 -0.6683 -4.7829 -0.2573 -0.4579 2.2044 1.3706 1
91.4807 2.5973 0.2047 -3.9072 -5.1205 -0.6839 -0.8690 -2.1149 1.4466 -0.5392 -0.0537 0.4690 1.2775 1
94.2992 1.9221 4.5529 1.1052 3.0810 -2.3028 3.0137 1.6714 2.8604 7.5152 6.4964 -3.9371 1.2108 1
100.4582 -1.9001 -1.6547 4.9258 -5.3000 1.8944 -0.0583 -4.2870 0.4541 -2.5374 -3.5128 -3.3152 -5.8696 1
87.6156 -5.1934 0.9601 3.2593 -8.1146 5.0072 -3.5578 0.7128 -0.1124 1.9300 10.8051 7.4143 4.7768 1
92.7304 -1.0477 -2.8839 -5.3872 -4.1611 -1.9688 -7.2979 -0.8528 -8.1104 3.4189 -4.9393 1.5991 -0.7768 1
96.6456 -0.0807 -1.9163 -1.1383 0.5362 0.6948 0.8984 -1.0943 -0.8327 -3.4701 -3.3738 -0.9942 -1.4652 1
96.6480 -4.4292 -1.9709 -4.4851 -0.8374 1.8420 2.4007 2.4222 3.3066 1.3591 0.4227 -3.6223 2.7120 1
94.4999 -7.1331 5.1282 4.7782 -0.8472 2.1879 -3.2459 2.3795 -2.1567 -1.4756 -4.5358 -1.1568 -1.9734 1
96.1318 -7.3236 -4.1219 5.9809 -3.8270 0.4784 -0.2641 -0.5693 -2.0926 1.7455 -3.9665 -1.9393 -1.5529 1
89.1229 0.9800 -1.2793 -3.2252 -1.9921 -1.1953 0.7164 1.8975 -2.9505 -3.5752 -3.2401 -1.3953 -4.6127 1
87.6828 -0.1378 -1.6072 -1.9050 -2.3211 -0.9290 -1.4693 0.7972 -0.7123 -5.7857 -1.4111 8.3128 9.2443 1
91.0917 -2.7153 3.4557 0.2481 0.9549 -2.2454 -1.4625 3.7776 0.9685 3.1133 2.1838 1.2472 -0.3531 1
99.5065 -1.6115 -2.4464 2.5772 -4.1035 0.1096 0.4155 -0.1242 3.1110 -1.4747 -0.4574 3.5499 0.7541 1
90.7371 0.5796 -1.6528 -3.4655 -5.6415 -5.3958 -3.1648 -3.2806 -3.9300 -3.0593 -5.4697 0.6493 -1.9666 1
92.3863 1.1501 -7.4589 -3.0938 -6.2465 0.4778 -0.8595 -8.2063 -5.2706 1.6946 -0.2964 -1.6986 -1.7657 1
86.7703 0.7583 -3.6653 -2.3498 -5.4075 -6.1450 -4.2804 -0.4175 1.4295 0.7551 -2.3433 -1.5359 -0.0913 1
83.2557 -1.2482 1.4742 -0.7228 -1.6274 -5.0732 -3.3627 -2.6059 -2.7708 0.9414 0.0775 -1.8271 0.7876 2
65.2287 1.6671 4.9562 3.4976 1.7222 -0.7001 -0.1580 -0.9889 0.7064 0.8153 1.8764 1.4258 3.4226 2
81.7325 -4.1545 -0.1681 2.4190 -3.9448 -0.5855 1.8541 -0.4240 2.6575 3.1642 2.4222 3.7303 2.5012 2
75.9114 -3.9767 -1.3542 0.1782 -4.8743 -5.1513 -1.1979 -4.6073 0.8032 -1.2702 -1.0506 -1.1618 0.0278 2
79.4137 -2.5641 -0.3503 1.2682 -2.1800 -3.8006 -2.4306 1.3727 -2.2446 -1.0459 -0.5713 -0.2024 -0.1010 2
69.4060 -2.4554 -1.8091 4.4004 -6.0529 2.6455 -2.6035 2.4351 -3.2759 -0.1172 -4.4001 -0.2415 -2.6765 2
82.7112 -2.6829 -0.3023 3.5257 -3.6753 1.0782 -2.0252 1.7169 -0.5773 3.0363 3.1232 -0.2088 0.6523 2
82.7842 -2.5942 -1.0021 -1.3188 -5.6412 -3.6334 -3.5767 2.3499 0.3573 3.2307 5.8705 3.2142 2.3574 2
82.7785 -5.0573 -1.1171 -4.4212 -5.1982 -3.9443 -1.3711 -3.5433 -3.1580 -0.2321 -1.1031 -1.5445 3.5125 2
90.4610 -7.6657 -2.8166 -1.1385 -14.2135 -7.7198 -7.0011 -3.4253 -1.5795 0.5187 5.8597 1.3060 6.8648 2
89.8863 -8.9826 -1.1658 -3.2836 -13.3075 -5.9272 -6.6036 -3.1627 -2.7174 0.0145 4.6750 2.5554 3.9250 2
72.7727 -2.5382 -0.4265 -1.8567 -4.6297 -5.0632 -3.8476 -3.2368 -2.3023 -2.6533 1.2044 -3.2655 -0.9869 2
78.0718 -3.5454 -0.8175 -1.0234 -7.3271 -2.9253 -3.6135 -1.9347 -3.4791 -1.0280 -1.5493 -0.5863 0.2361 2
80.5793 -2.7426 -0.4795 -2.6834 -5.9584 -4.7922 0.0220 -0.7502 -4.0175 -0.3251 -1.1213 0.1424 2.7970 2
85.6953 -2.7382 2.7774 -0.4874 -2.0237 -1.7200 -2.3603 -0.7674 1.7679 -2.4734 3.4233 -2.0268 0.6470 2
76.3212 -2.3222 4.8270 0.7129 -1.2123 -0.7828 2.2121 2.1678 1.0114 1.2040 2.9048 -3.2200 -0.8118 2
87.9116 -4.6703 4.9642 4.5373 -2.3764 -1.7643 -0.2043 0.2587 1.7816 -1.2527 1.6916 -4.2377 -1.9948 2
64.9675 -2.3775 6.5230 2.3561 -3.5595 2.8146 -2.9455 4.5081 -0.6791 1.5858 0.2397 1.1907 -0.6389 2
76.9553 -2.5938 -3.3350 -3.8426 -4.8341 -4.1628 -3.4333 -1.4738 -2.8141 -2.2544 -1.4188 -1.0146 0.9677 2
71.1164 -2.6519 -2.7866 -2.8814 -3.0286 -3.1348 -3.6983 -4.2208 -1.2987 -4.4267 2.6789 -1.7924 0.8177 2
65.9673 -0.8650 2.3095 -0.0625 -2.6624 0.5587 -4.0901 1.6564 -4.7766 -3.0435 -2.8539 -0.7738 0.0977 2
79.4645 -2.7428 -0.4438 1.2745 -9.1811 1.5412 -4.5626 2.1423 -2.0356 2.6817 0.4897 2.9120 0.2547 2
70.0028 2.5005 1.7034 2.9964 -1.5179 -2.0753 -3.4342 3.6140 -1.3207 1.1061 3.0567 2.8725 -0.6157 2
57.4935 -3.6550 5.4012 3.0319 -2.2538 0.3648 0.1981 3.7427 -0.1245 0.3483 0.6323 -2.6369 -0.7080 2
74.7807 -4.2090 5.2745 2.9127 -2.5199 -0.4387 -1.0946 1.6824 -2.2895 1.7761 0.7281 -1.2263 -1.8870 2
79.1769 -1.9210 -0.0460 1.9988 -3.7431 -0.8538 -2.3036 -0.5643 0.7517 0.4176 1.2303 0.5842 3.7961 2
76.9048 -2.5833 4.0894 1.8482 2.5598 -1.3902 -3.5607 1.5802 -2.7678 -0.2944 1.8583 -0.2513 -1.0267 2
74.8687 -0.2951 2.0668 -1.5395 -1.5364 1.1432 -0.1091 1.7842 2.0836 0.6634 2.8948 3.0683 3.3357 2
79.6876 -3.6099 -3.0625 -0.3362 -6.4025 -3.1684 -1.7433 -3.1346 -0.3662 -5.5012 0.7264 -2.9095 -0.6693 2
76.7703 1.7910 -2.7902 -1.8258 -5.3392 -0.9711 0.3687 -1.2473 -1.5656 -1.0588 2.3228 -2.8412 0.6138 2
78.3909 -3.7418 -0.6745 1.9923 -4.3030 1.2355 -2.5094 4.3866 2.0451 1.3627 1.3717 -1.3256 -0.7378 2
70.5017 2.7505 3.4325 1.1460 0.3421 2.4372 -0.4088 3.4033 -1.5742 -0.6505 0.7551 -0.4857 1.7343 2
78.3979 -1.6785 -1.1685 -1.1978 -4.1286 -1.8769 -2.9838 -3.4449 -0.7953 -2.3665 3.3021 -3.0881 2.9182 2
70.9925 -5.3528 6.0281 1.1774 -4.0302 -0.9875 -0.2027 0.9520 -2.7888 -2.7447 -2.4158 -5.3846 -1.7124 2
81.7563 -4.2461 -5.3909 -5.7436 -5.6809 -3.6189 -1.9813 -1.0674 -3.1172 -3.3144 -2.6450 -3.1903 -3.8792 2
81.3266 -1.2730 3.3826 1.8786 -4.1541 -3.8144 -4.6684 1.7645 -4.0985 -1.0963 2.0529 -0.9073 -0.3374 2
73.9278 -2.8623 -0.5844 -0.6496 -2.9562 -3.4366 -0.7849 -4.5125 -1.1783 -3.4748 -0.6957 -2.6661 2.5038 2
80.6437 -1.7959 4.0856 -1.6442 -4.9070 -1.8412 -1.6968 -1.7825 -2.0032 -2.8437 2.1216 0.4105 1.7243 2
90.3125 -4.2304 3.3198 0.9817 -3.1472 -1.2805 -0.4813 0.8183 1.2368 -1.5689 1.7714 -3.0987 0.5685 2
76.0089 -5.7534 5.1971 1.9384 -2.7239 0.0628 -4.8735 3.0871 -3.7985 1.9067 -1.9556 1.9850 -1.5560 2
66.1346 -4.0600 3.3057 1.0898 -6.2331 0.0539 -3.1888 1.5211 -3.3865 2.7464 -1.5688 2.7865 -0.9899 2
89.0429 -4.1215 1.5262 0.2470 -4.6848 -1.2439 -1.4662 -1.5883 -3.4650 1.1777 -1.4470 -2.1850 -5.4165 2
58.5371 4.5741 3.7713 2.3500 0.5614 -0.0105 -0.6525 0.3231 -3.4286 1.8933 -2.1077 0.2152 -0.9804 2
90.3750 -3.4714 -2.6027 1.2693 -7.9593 1.3928 -2.7882 2.5453 -3.3908 0.7869 -2.1781 1.9118 -2.8804 2
85.6371 -9.1207 -4.0042 -3.9714 -9.1334 -3.6470 -4.7992 -1.4586 -0.5129 2.6440 4.7685 2.8692 7.4163 2
86.3798 -8.8834 -2.4677 -2.4081 -11.5069 -5.0722 -6.1242 -2.5603 0.7690 0.5684 6.1731 1.1408 2.0357 2
81.3155 -6.7958 -4.7942 -0.3984 -10.5680 -3.6508 -2.8679 -2.3719 -0.5400 -2.4217 5.6321 0.8932 2.3019 2
85.5358 -4.5453 1.4141 0.5253 -4.6876 2.4967 -1.5034 2.0770 -2.0291 3.1503 -4.5463 0.5633 -3.1001 2
82.0321 -5.5921 -0.5888 -6.6512 -6.3324 -2.6829 -3.2843 -0.2124 -1.1535 -2.0713 0.6670 -5.5607 -2.3901 2
76.9625 -1.0661 -1.4574 -4.8972 -7.8290 -2.0310 -2.1907 -0.6112 0.8478 0.4618 -0.7860 -1.0155 0.6727 2
62.7580 -3.1400 6.0095 1.7579 -2.1335 -1.3084 0.9904 1.8711 1.2203 0.4761 1.7753 0.7600 0.1070 2
81.2132 -2.8493 2.2116 2.2160 -2.4827 1.6421 0.2717 0.9568 -0.7578 2.2083 1.0677 -0.1040 2.6612 2
84.4550 -2.2636 -1.4257 3.9220 -6.4880 -0.4665 -1.5112 0.1576 -1.8382 3.7501 -0.2272 1.2373 0.6636 2
76.7209 -5.3193 4.8820 4.4184 -2.6968 0.0989 1.8079 0.3152 0.9318 -2.0810 3.7127 0.0284 1.6314 2
81.2631 -2.9912 1.7877 0.8912 -4.2807 0.9861 -2.5602 -0.3987 -2.4658 0.0962 -0.7834 -0.7903 -2.0974 2
81.8053 -2.4860 -1.3666 0.2044 -7.0779 3.1487 -1.6443 0.9618 -3.3329 2.0973 -3.8016 0.3384 -4.7875 2
94.2437 -3.1673 3.0303 1.7474 -5.7511 3.0090 -3.5194 -0.5634 -2.2698 2.0444 -2.3861 1.8518 -5.0717 2
86.6658 -3.0101 -3.4285 -6.2522 -5.3541 -4.1915 -0.5305 -3.6620 1.8803 -2.0126 1.1005 -1.5491 1.7931 2
76.6596 2.4261 2.8324 -0.6753 -1.0878 -1.4452 -5.4979 2.5570 1.6974 -0.4646 0.5180 -0.3835 0.2241 2
86.5598 -4.0067 0.7036 1.3357 -6.9007 0.8063 -0.4726 -0.2890 -1.3798 3.1221 -2.5924 1.8249 -6.1399 2
83.8025 -3.4814 3.5016 -0.2959 -7.0385 2.3506 -3.7101 3.5613 -1.5063 3.9646 0.3750 0.8998 -1.9977 2
79.5542 -3.4625 -1.1868 2.6972 -6.5663 2.2622 -2.6907 3.2315 -3.5141 0.4649 -3.1912 0.9381 -3.8443 2
84.3496 -2.7338 -1.3004 2.2604 -6.9315 0.1138 -3.1434 1.6895 -3.1004 2.2891 0.2254 2.0268 -1.5204 2
76.0285 -1.3821 5.1412 1.8667 0.0313 -0.0508 1.6752 -0.8004 -0.2574 -0.6708 1.2295 -0.5738 2.8312 2
