65.7833 112.9925 1
71.5152 136.4873 1
69.3987 153.0269 1
68.2166 142.3354 1
67.7878 144.2971 1
68.6978 123.3024 1
69.8020 141.4947 1
70.0147 136.4623 1
67.9026 112.3723 1
66.7824 120.6672 1
66.4877 127.4516 1
67.6233 114.1430 1
68.3025 125.6107 1
67.1166 122.4618 1
68.2797 116.0866 1
71.0916 139.9975 1
66.4610 129.5023 1
68.6493 142.9733 1
71.2303 137.9025 1
67.1312 124.0449 1
67.8338 141.2807 1
68.8788 143.5392 1
63.4811 97.9019 1
68.4219 129.5027 1
67.6280 141.8501 1
67.2086 129.7244 1
70.8423 142.4235 1
67.4943 131.5502 1
66.5340 108.3324 1
65.4410 113.8922 1
69.5233 103.3016 1
65.8132 120.7536 1
67.8163 125.7886 1
70.5951 136.2225 1
71.8048 140.1015 1
69.2061 128.7487 1
66.8037 141.7994 1
67.6589 121.2319 1
67.8070 131.3478 1
64.0453 106.7115 1
68.5746 124.3598 1
65.1836 124.8591 1
69.6581 139.6711 1
67.9673 137.3696 1
65.9809 106.4499 1
68.6725 128.7639 1
66.8809 145.6837 1
67.6987 116.8190 1
69.8212 143.6215 1
69.0882 134.9325 1
69.9148 147.0219 1
67.3318 126.3285 1
70.2694 125.4839 1
69.1034 115.7084 1
65.3836 123.4892 1
70.1845 147.8926 1
70.4062 155.8987 1
66.5438 128.0742 1
66.3642 119.3701 1
67.5370 133.8148 1
66.5042 128.7325 1
68.9996 137.5453 1
68.3036 129.7604 1
67.0126 128.8240 1
70.8059 135.3165 1
68.2195 109.6113 1
69.0591 142.4684 1
67.7310 132.7490 1
67.2157 103.5275 1
67.3676 124.7299 1
65.2703 129.3137 1
70.8428 134.0175 1
69.9244 140.3969 1
64.2851 102.8351 1
68.2452 128.5214 1
66.3571 120.2991 1
68.3628 138.6036 1
65.4769 132.9574 1
69.7195 115.6233 1
67.7255 122.5240 1
68.6394 134.6254 1
66.7840 121.8986 1
70.0515 155.3767 1
66.2785 128.9418 1
69.2020 129.1013 1
69.1348 139.4733 1
67.3644 140.8901 1
70.0930 131.5916 1
70.1766 121.1232 1
68.2256 131.5127 1
68.1293 136.5479 1
70.2426 141.4896 1
71.4875 140.6104 1
69.2048 112.1413 1
70.0631 133.4570 1
70.5570 131.8001 1
66.2864 120.0285 1
63.4258 123.0972 1
66.7671 128.1432 1
68.8874 115.4759 1
64.8743 102.0927 1
67.0927 130.3530 1
68.3476 134.1842 1
65.6107 98.6413 1
67.7555 114.5599 1
68.0212 123.4917 1
67.6619 123.0480 1
66.3146 126.4772 1
69.4371 128.4170 1
63.8362 127.1941 1
67.7228 122.0562 1
70.0510 127.6064 1
70.1860 131.6423 1
65.9459 111.8955 1
70.0070 122.0390 1
68.6113 128.5547 1
68.8082 132.6792 1
69.7621 136.0632 1
65.4554 115.9403 1
68.8253 136.9041 1
65.8003 119.8804 1
67.2147 109.0055 1
69.4202 128.2705 1
68.9440 135.2913 1
67.9415 106.8558 1
65.6251 123.2939 1
66.4961 109.5143 1
67.9281 119.3087 1
68.8941 140.2402 1
70.2410 133.9841 1
68.2662 132.5807 1
71.2316 130.6988 1
69.0975 115.5637 1
64.3969 123.7941 1
71.0958 128.1427 1
68.2187 135.9646 1
65.9172 116.6273 1
67.4369 126.8241 1
73.9011 151.3913 1
69.9815 130.4022 1
69.5186 136.2068 1
65.1844 113.3989 1
68.0087 125.3287 1
68.3384 127.5846 1
65.1842 107.1564 1
68.2621 116.4588 1
68.5687 133.8402 1
64.4968 112.8901 1
68.7105 130.7568 1
68.8915 137.7571 1
69.5401 125.4036 1
67.3996 138.4659 1
66.4752 120.8184 1
66.0122 140.1539 1
72.4443 136.7397 1
64.1264 106.1139 1
70.9811 158.9562 1
67.5012 108.7868 1
72.0152 138.7758 1
65.3114 115.9136 1
67.0751 146.2922 1
64.3915 109.8765 1
69.3700 139.0499 1
68.3792 119.9001 1
65.3102 128.3069 1
67.1369 127.2428 1
68.3947 115.2306 1
66.2918 124.7975 1
67.1866 126.9511 1
65.9916 111.2711 1
69.4339 122.6089 1
67.9746 124.2084 1
67.7613 124.6453 1
65.2786 119.5169 1
73.8336 139.2983 1
66.8131 104.8265 1
66.8941 123.0424 1
65.7357 118.8923 1
65.9828 121.4939 1
66.5840 119.2488 1
67.1129 135.0239 1
65.8748 116.2280 1
66.7807 109.1731 1
68.7358 124.2237 1
66.2267 141.1645 1
65.9597 129.1501 1
68.5837 127.8693 1
66.5935 120.9244 1
66.9657 127.6466 1
68.0802 101.4693 1
70.1903 144.9927 1
65.5215 110.9523 1
67.4591 132.8625 1
67.4099 146.3385 1
69.6616 145.5894 1
65.7980 120.8431 1
66.1056 115.7813 1
68.2399 128.3019 1
68.0240 127.4718 1
71.3904 127.8761 1
65.7316 121.4997 1
66.4336 112.7148 1
70.0131 135.0020 1
69.4815 128.6789 1
68.6276 124.4062 1
68.3628 140.0260 1
68.3903 117.5190 1
68.7741 143.8737 1
69.9236 141.1703 1
71.5554 155.9414 1
68.4476 134.0093 1
66.7140 130.0975 1
66.6841 106.2265 1
67.9370 112.0489 1
68.8986 136.1884 1
67.2919 131.2360 1
69.5721 131.3231 1
67.6748 119.5261 1
69.0416 116.9965 1
67.9677 138.5255 1
65.8398 109.6518 1
65.7729 130.1569 1
71.1411 137.1114 1
67.8306 113.7590 1
65.0693 114.9725 1
69.7074 127.7149 1
69.9298 121.9972 1
66.1157 117.9607 1
68.6136 127.7141 1
68.9976 117.9619 1
66.7917 125.1554 1
68.0236 141.1026 1
69.6726 145.4822 1
71.8218 116.0650 1
72.7468 135.7458 1
67.2795 132.9248 1
67.4102 115.6622 1
68.5315 114.3184 1
68.4713 148.9520 1
68.5187 142.1878 1
63.7253 134.1040 1
67.7048 141.8926 1
69.4711 138.7444 1
66.7020 134.4490 1
65.2313 117.0167 1
69.8947 115.6752 1
69.8305 134.7905 1
65.3979 120.5746 1
68.3221 120.0835 1
65.9390 84.3598 1
70.0981 138.9394 1
66.0553 143.5245 1
68.2348 123.1347 1
65.2176 115.5261 1
69.1617 120.9844 1
67.6006 120.6473 1
67.2862 124.0352 1
66.8432 117.2238 1
68.0828 127.9598 1
66.5699 116.7527 1
70.1697 121.9957 1
67.8511 123.9952 1
66.6231 108.8550 1
63.6882 104.6574 1
68.0356 132.2480 1
66.9410 127.1834 1
66.2629 125.1209 1
70.7301 133.3220 1
70.7084 122.3364 1
73.2687 130.2636 1
63.7902 116.7431 1
67.8411 125.8534 1
67.7806 100.6270 1
67.2390 118.4945 1
66.7570 137.1255 1
69.0310 118.6991 1
68.5265 124.1641 1
64.6542 124.9442 1
65.1429 126.3889 1
66.7412 121.5255 1
66.9992 133.2951 1
70.2661 127.4072 1
67.5767 125.0800 1
66.3058 102.8114 1
68.9070 134.2212 1
65.6054 100.9758 1
68.0019 145.8886 1
69.9372 155.3046 1
70.1459 138.7175 1
66.6636 116.2611 1
69.4068 120.6087 1
66.8060 114.4083 1
67.7005 133.3406 1
69.1344 92.7495 1
67.5377 131.7825 1
65.7791 118.3865 1
66.2577 131.1466 1
67.3904 130.2033 1
64.9433 129.1836 1
69.2570 143.1445 1
69.0774 138.7307 1
69.6440 130.9528 1
69.0770 124.3032 1
68.0130 135.3702 1
68.8566 124.1988 1
63.1916 111.2389 1
65.5759 129.4037 1
69.1210 127.7444 1
69.7876 121.3311 1
67.4820 118.2183 1
69.0881 123.3441 1
68.5529 151.9118 1
68.2133 115.3108 1
67.1012 122.3844 1
71.2366 129.2323 1
69.1195 138.2824 1
65.4985 144.0565 1
66.5871 120.8482 1
67.9983 113.3034 1
72.5775 149.3227 1
67.9758 130.6373 1
66.6235 122.3870 1
67.2957 133.8677 1
65.9595 134.8336 1
66.5401 137.8363 1
68.0772 112.6812 1
65.8329 121.1964 1
69.2372 114.9262 1
64.6941 110.3762 1
69.2137 126.0337 1
67.1679 118.7008 1
67.8467 119.3108 1
69.2739 150.7397 1
67.9055 121.1142 1
67.0760 118.4065 1
70.0153 142.7590 1
70.0545 145.6305 1
70.8671 127.3425 1
66.0586 115.9678 1
65.2374 104.4441 1
68.7413 138.4905 1
69.5195 145.5049 1
70.3076 124.4065 1
67.2998 124.1866 1
67.6058 126.1659 1
67.8557 138.8125 1
66.4654 121.5515 1
68.9207 114.2555 1
68.4689 129.4022 1
69.5193 137.5583 1
70.2396 134.4996 1
67.8565 127.7103 1
68.0044 115.6709 1
67.1398 131.5906 1
68.0993 127.5839 1
68.9908 125.7211 1
69.3262 119.9885 1
70.0929 140.8676 1
68.7430 136.9164 1
64.1863 118.4759 1
66.0907 129.5516 1
69.2442 152.0714 1
69.6651 120.8646 1
68.4272 136.1027 1
68.2861 130.0611 1
69.3768 131.7743 1
68.3531 139.3800 1
72.3249 168.2290 1
70.3716 127.6446 1
65.7293 131.8008 1
66.4963 122.8561 1
70.8134 140.2133 1
67.3758 142.6929 1
67.7971 137.4299 1
68.1607 126.0392 1
68.8578 143.5985 1
67.7134 122.6200 1
64.6601 108.6044 1
65.7372 100.6617 1
68.4244 116.1397 1
68.8895 140.5293 1
68.2737 125.6907 1
69.1804 134.3329 1
72.6100 136.4649 1
66.0416 127.8822 1
69.2288 123.1361 1
68.8770 116.3375 1
66.4604 124.5581 1
69.3044 125.7853 1
67.5825 107.5905 1
69.4182 143.0236 1
67.4687 118.7434 1
66.4487 118.9856 1
68.7618 131.8744 1
63.7688 119.3691 1
69.0366 126.1223 1
66.4897 126.6122 1
66.7422 113.5597 1
67.6939 115.8413 1
66.6907 130.2738 1
67.0288 125.4542 1
65.9110 117.1655 1
70.0304 137.3184 1
69.2698 149.4447 1
70.0769 151.0695 1
64.9094 116.9994 1
69.6874 138.1787 1
67.5652 127.6210 1
63.8553 120.7514 1
71.6189 144.2537 1
64.9899 105.7939 1
64.6076 120.1567 1
62.0167 109.0848 1
65.2852 125.9710 1
67.7016 110.2325 1
70.8579 134.4706 1
68.1707 115.5067 1
67.4501 125.1086 1
71.0422 116.4113 1
67.8303 133.3944 1
67.1549 108.7478 1
68.3029 134.3986 1
65.4121 131.2085 1
68.6676 130.8318 1
70.0673 127.0838 1
69.1341 119.4067 1
67.0208 105.5616 1
65.5227 134.4733 1
70.1981 132.6897 1
67.6687 126.0580 1
69.7326 126.3532 1
67.6172 142.3603 1
70.7959 124.5873 1
69.6580 122.3604 1
66.7328 123.2298 1
67.5801 131.4049 1
65.2532 124.3037 1
70.7139 128.3836 1
71.2737 136.8530 1
66.5591 118.0569 1
68.0425 121.4969 1
68.1170 119.2811 1
71.2367 126.5545 1
66.9239 129.2477 1
71.1038 134.7804 1
69.4147 146.0725 1
69.1681 162.4109 1
68.5773 130.1885 1
69.6031 132.1941 1
69.0509 127.4591 1
68.2870 125.3466 1
69.2528 134.7559 1
68.2386 121.9395 1
67.6868 125.6688 1
68.8408 145.9560 1
69.5206 119.9207 1
66.9767 111.5093 1
72.0053 138.6760 1
67.4448 135.0151 1
66.0621 116.5090 1
65.5747 123.9575 1
68.3017 136.9520 1
71.0260 153.0797 1
70.7688 126.3570 1
67.5081 145.0614 1
69.5094 135.1739 1
66.4455 108.8060 1
68.5689 110.5155 1
67.0130 138.2685 1
68.7000 119.5111 1
68.2301 115.3214 1
70.4071 132.3684 1
65.6999 93.9944 1
65.7031 127.4051 1
68.4805 134.3024 1
66.6289 124.9721 1
66.8428 124.0720 1
69.8973 133.5476 1
67.6543 134.1509 1
68.3092 130.2489 1
69.7485 138.0935 1
68.5791 126.6064 1
68.1448 131.8076 1
67.9809 131.7363 1
64.8254 117.6261 1
69.2078 126.1943 1
69.2656 127.5132 1
70.9403 142.4785 1
69.0783 139.4440 1
66.2018 110.3204 1
71.0578 131.9541 1
68.9949 129.2037 1
70.9609 124.3513 1
66.0250 126.5251 1
69.8641 149.2303 1
66.8280 142.1577 1
69.0942 127.1436 1
66.8143 122.3353 1
67.1318 112.6659 1
64.5743 134.2647 1
68.6804 120.6936 1
67.5372 115.7830 1
71.1773 128.6855 1
70.5351 134.7611 1
71.5341 118.3419 1
66.7730 106.1557 1
66.3364 126.3823 1
64.8310 114.3716 1
68.3825 130.2787 1
68.0504 123.3066 1
69.0915 122.8571 1
69.9105 125.6932 1
68.4074 111.7247 1
68.3256 125.5516 1
66.9556 119.9702 1
70.5482 132.6043 1
69.3781 132.6738 1
67.5201 117.4521 1
64.8714 101.8549 1
69.1340 128.4418 1
68.8119 134.0414 1
67.5645 127.7511 1
68.1677 127.6172 1
65.8069 139.3971 1
64.9228 113.9381 1
68.3558 147.5188 1
66.7155 132.6523 1
69.1820 132.8139 1
65.8880 105.0942 1
66.0373 127.5187 1
69.4419 130.7305 1
67.1485 128.5815 1
65.6944 122.5699 1
69.4272 157.2961 1
66.5450 121.1097 1
69.0447 147.5061 1
67.6204 117.4930 1
69.5910 132.4472 1
68.1234 118.1774 1
71.2264 123.7319 1
66.4329 130.3650 1
66.3181 122.8882 1
68.0272 107.8693 1
68.2876 118.5910 1
66.9161 125.6467 1
71.7755 148.6016 1
66.0453 150.2790 1
69.0145 127.0678 1
68.7074 128.7122 1
65.0120 118.4233 1
66.0586 125.3879 1
71.1640 149.2676 1
67.5527 107.3484 1
68.8345 133.6992 1
68.1181 124.8508 1
67.9053 112.7028 1
67.6409 127.8407 1
69.7828 134.1615 1
67.9989 138.6031 1
69.4146 126.0440 1
70.4299 129.5856 1
67.6752 134.1054 1
67.8804 106.1251 1
68.0691 127.0561 1
66.9943 121.9241 1
71.5769 150.7365 1
64.3656 116.0061 1
67.9301 125.4748 1
69.9186 131.6099 1
69.9386 129.0696 1
66.7977 129.1117 1
70.1112 148.1624 1
68.9481 105.3880 1
68.0289 110.5447 1
69.3615 118.6402 1
68.4489 122.8151 1
65.7028 124.8870 1
69.5567 135.7695 1
65.8464 116.4563 1
68.7998 125.3617 1
69.0383 133.1220 1
67.3635 138.3328 1
70.3579 124.4972 1
69.8883 136.7205 1
65.1532 115.0153 1
69.4091 132.6366 1
68.5087 143.1323 1
65.7155 134.7422 1
63.9831 122.6246 1
70.0768 153.5634 1
68.4254 126.2890 1
68.2366 134.7206 1
67.8286 134.5987 1
66.3128 118.3945 1
69.7513 121.2997 1
65.7090 132.2844 1
66.8823 139.0617 1
67.2791 110.6980 1
70.6336 154.1073 1
69.9377 124.1592 1
65.8767 134.5173 1
72.4469 138.2622 1
70.0705 149.0801 1
67.6849 127.0075 1
66.1151 117.8222 1
69.9436 148.9096 1
68.2432 128.2151 1
68.8014 129.6944 1
66.6182 125.5674 1
70.1870 128.7947 1
65.5897 124.1870 1
68.6957 151.4167 1
64.8864 106.9803 1
69.8199 145.6221 1
66.3396 121.5926 1
70.4434 130.9386 1
69.9916 135.6203 1
70.1362 123.9315 1
67.1793 131.9955 1
68.2034 117.4840 1
67.7612 129.6577 1
64.7975 122.3706 1
66.4787 114.5867 1
66.9834 116.5401 1
65.6999 139.4307 1
66.8270 123.4822 1
66.3514 132.5492 1
70.1349 143.4013 1
70.1157 132.9429 1
64.5614 98.8972 1
68.1572 122.4342 1
67.1475 104.6767 1
70.8893 142.7847 1
68.1622 130.9283 1
71.1966 143.8270 1
67.9244 142.2832 1
65.3020 107.9441 1
66.4076 105.6891 1
71.3065 125.4007 1
69.0600 106.4195 1
65.9544 118.5371 1
69.6378 136.7836 1
71.1050 145.9328 1
66.2185 129.6370 1
66.1347 108.4955 1
67.7851 121.2537 1
66.6774 135.7399 1
69.9941 137.5026 1
71.1441 124.0052 1
68.6393 128.8613 1
69.0855 133.6811 1
67.9739 106.5185 1
65.9481 113.0398 1
66.0210 125.9639 1
71.2358 140.2945 1
67.5267 143.2290 1
71.0694 145.8063 1
68.2718 128.1697 1
67.3193 134.1839 1
68.9885 140.2166 1
68.4040 146.3453 1
67.0920 132.0784 1
66.7687 122.1300 1
65.6464 131.4693 1
65.3410 129.5167 1
68.1830 125.7451 1
70.6592 153.1384 1
65.9440 124.5559 1
69.6279 134.8225 1
68.2996 115.3877 1
70.0607 117.9618 1
68.4360 124.5647 1
69.2701 134.4043 1
67.7051 129.3092 1
70.8932 133.1423 1
70.5431 147.3609 1
71.5809 155.0132 1
68.4230 126.2905 1
69.3578 134.4605 1
70.4450 134.0296 1
67.3815 128.9248 1
67.5077 123.0543 1
68.5205 112.1788 1
66.8086 111.7443 1
72.3853 148.4615 1
68.5164 136.7459 1
70.7979 133.2068 1
66.2190 116.8855 1
68.3117 124.8542 1
67.1715 121.5809 1
67.7714 123.1970 1
67.4733 137.1255 1
67.7746 121.4941 1
69.2010 150.9398 1
70.0430 142.3009 1
70.5698 134.7527 1
66.4538 133.5585 1
67.6813 136.0895 1
65.7564 95.2022 1
69.3549 119.7404 1
70.5902 152.9146 1
67.2763 140.1991 1
68.4885 145.2503 1
67.0219 119.4855 1
65.7761 123.5120 1
65.9658 110.6754 1
68.1887 111.4951 1
72.0859 139.4849 1
66.8536 133.0880 1
69.1093 133.5196 1
64.5909 112.7698 1
67.0385 124.7975 1
68.9916 123.4224 1
70.5987 142.0921 1
70.0899 116.2814 1
65.6844 131.1256 1
67.0982 131.2493 1
66.0393 127.2422 1
69.2642 122.4523 1
66.6135 115.2431 1
68.1174 126.9532 1
69.7306 143.4439 1
64.0204 125.3770 1
66.2375 109.0095 1
72.4676 139.2411 1
66.2194 102.1820 1
71.2978 144.3898 1
63.1255 83.0853 1
70.9303 145.3938 1
68.2549 134.9267 1
64.7801 134.6780 1
65.4298 111.4963 1
68.9136 119.7951 1
64.9694 95.7043 1
66.1524 117.1590 1
65.9839 127.2356 1
69.2435 144.9205 1
68.3198 122.8464 1
70.1161 134.1900 1
68.6352 124.9776 1
67.7429 135.8441 1
64.5864 120.8222 1
64.6616 125.0174 1
65.9077 133.5474 1
65.7765 124.5583 1
67.1506 135.9691 1
72.2434 143.5738 1
68.7320 130.5725 1
67.5702 127.1920 1
70.3623 141.2372 1
63.6223 107.4236 1
66.2071 122.3234 1
66.2211 111.6055 1
70.0722 137.8915 1
69.6563 142.8742 1
66.2504 114.4349 1
68.0704 128.2736 1
67.1481 134.5725 1
68.7661 140.1034 1
68.1208 121.9770 1
65.7299 111.4248 1
69.1744 135.0756 1
70.3635 132.9826 1
70.7856 117.7566 1
70.8808 134.9877 1
66.6215 151.6121 1
69.9829 128.9287 1
66.9287 120.1575 1
71.4581 125.6007 1
69.6634 127.8292 1
69.3094 136.1354 1
66.5978 116.2841 1
64.2021 127.0777 1
68.2305 125.7165 1
70.0902 121.0749 1
70.9755 122.7382 1
64.9313 119.4545 1
66.9011 132.9048 1
69.1980 132.8687 1
68.4149 124.3486 1
66.3163 132.2198 1
72.1347 142.8040 1
65.7461 129.6050 1
69.9668 128.5326 1
65.1142 112.9919 1
67.4329 122.0795 1
66.3979 118.3960 1
67.1877 130.1299 1
67.6860 111.6824 1
67.7747 142.2452 1
63.6294 122.6049 1
66.4470 122.8198 1
71.9233 119.1123 1
67.9221 139.4335 1
68.0114 141.3353 1
67.7652 119.7870 1
69.1979 136.3260 1
67.0011 118.4099 1
67.0966 137.6920 1
69.8514 129.0780 1
67.4278 123.4642 1
68.1104 115.4311 1
68.2943 129.9310 1
69.4518 135.9563 1
69.0822 127.8134 1
70.9175 139.1014 1
64.2057 109.2132 1
71.1031 124.6154 1
72.0852 136.2210 1
66.1512 120.4722 1
67.5290 116.1659 1
67.1759 115.5093 1
72.9296 141.9961 1
65.5411 135.4869 1
69.0849 135.1305 1
65.2899 108.2494 1
68.5345 125.1277 1
71.3280 142.8947 1
66.8809 128.2978 1
67.9120 128.2680 1
67.0024 103.5665 1
68.2758 156.1069 1
66.2028 104.9661 1
64.2421 121.6365 1
67.4374 132.0066 1
64.5008 118.4079 1
68.8961 135.3898 1
70.3291 140.6633 1
64.3174 111.6703 1
67.1125 128.0328 1
68.0121 130.4737 1
68.2527 128.2127 1
67.7687 142.8202 1
67.4429 123.0804 1
65.7358 117.8771 1
69.6437 130.9274 1
71.9282 129.1735 1
69.3944 144.5784 1
67.1472 115.8635 1
69.1469 116.5322 1
66.9059 141.9947 1
67.8380 132.1304 1
68.0961 135.2607 1
66.1409 127.0684 1
71.1639 129.8440 1
67.5576 134.5066 1
70.0128 121.3609 1
72.5643 143.1486 1
66.6022 124.7741 1
68.5180 120.1546 1
66.3464 139.4163 1
69.0269 131.6743 1
69.1245 131.0700 1
68.2458 129.8914 1
68.4869 123.3440 1
70.6826 137.5314 1
70.3597 136.8886 1
67.6240 118.4024 1
69.4463 116.2441 1
67.9249 124.8433 1
68.3935 120.9809 1
66.3181 105.1208 1
71.2288 145.4377 1
65.2917 108.1912 1
66.0029 130.3778 1
67.6178 117.5157 1
69.1028 135.8762 1
68.9974 127.5126 1
69.0753 151.3998 1
68.3409 112.4799 1
71.6820 156.7554 1
68.7766 138.2098 1
66.1819 109.5685 1
72.3709 139.9742 1
66.8516 124.5873 1
65.7569 130.5023 1
69.6924 151.0783 1
66.2792 108.7722 1
66.4775 105.9927 1
68.7191 143.4301 1
68.2924 114.7434 1
67.6670 123.7736 1
71.2989 139.4769 1
67.0737 115.8201 1
70.6805 146.5682 1
71.4011 153.9993 1
71.0039 137.5899 1
66.2799 125.9287 1
68.0538 139.6939 1
64.1635 126.3585 1
66.8797 113.9307 1
70.5297 129.7605 1
65.4560 116.1925 1
69.1133 139.1294 1
67.9422 126.9815 1
67.2132 125.8352 1
67.6372 113.5240 1
70.0936 123.2372 1
64.4135 123.0554 1
69.7770 128.1330 1
66.5818 127.9357 1
68.1500 110.4678 1
66.1817 127.9364 1
66.7941 118.1678 1
67.1657 129.7243 1
68.0190 130.6094 1
66.9584 105.0414 1
68.7040 122.6299 1
69.6806 138.3259 1
66.5279 107.7381 1
66.4698 141.4417 1
71.4464 153.6966 1
66.6265 134.5551 1
64.0101 109.6593 1
65.0331 117.2029 1
66.7722 124.2843 1
68.9193 125.2193 1
71.2293 133.2256 1
71.1033 122.6042 1
69.8070 134.8652 1
67.0913 111.4506 1
67.2796 116.8458 1
71.8659 143.1527 1
67.2020 99.9238 1
68.4411 127.9232 1
67.2028 136.6580 1
69.3659 145.3947 1
69.0416 126.6818 1
65.9056 128.1983 1
66.4477 122.8328 1
66.0801 133.2571 1
69.3537 116.7606 1
70.8336 144.0455 1
67.6640 132.5153 1
65.3097 123.9832 1
66.6682 113.1423 1
66.9327 123.9512 1
67.7394 133.9787 1
64.2772 128.1519 1
66.8344 121.2878 1
65.8973 122.7107 1
67.6564 125.4136 1
68.6897 124.8761 1
66.0800 116.5903 1
66.9134 129.8890 1
69.4839 123.8890 1
68.6000 137.6571 1
69.2122 130.8805 1
67.6334 141.9706 1
65.7340 125.7334 1
66.0995 104.4108 1
67.6529 117.0685 1
67.5962 131.7669 1
69.5786 125.4738 1
66.0888 129.5734 1
70.0803 130.1053 1
65.0096 131.9305 1
69.1646 142.4645 1
69.6128 127.6431 1
71.4837 153.3153 1
69.4741 126.7609 1
69.0027 114.0258 1
69.5581 133.9684 1
68.6375 127.5869 1
67.2026 126.4859 1
66.0761 120.7651 1
66.1834 126.6479 1
70.8078 133.0747 1
67.1580 125.9649 1
65.2973 121.3206 1
69.2349 129.7824 1
68.9077 130.0549 1
72.3478 123.4005 1
68.2956 137.2791 1
68.3474 127.7554 1
67.4648 133.6853 1
68.8680 113.9275 1
66.6247 135.6168 1
64.7719 122.6005 1
67.7065 118.9472 1
72.9920 134.2703 1
70.9519 124.2747 1
67.9568 130.6981 1
67.2096 124.6797 1
66.3696 129.0839 1
67.6390 121.9456 1
69.7444 126.2689 1
68.1753 134.6122 1
66.8971 131.8476 1
67.4966 103.5828 1
66.5157 116.3925 1
66.8833 123.5095 1
69.7277 150.3395 1
69.7835 135.2437 1
65.4005 112.4584 1
67.9983 137.4861 1
72.2558 132.7902 1
70.7956 126.0286 1
65.1879 141.3591 1
67.7123 135.9065 1
70.0515 134.6655 1
67.3050 122.0232 1
66.3981 128.3502 1
69.7364 130.6354 1
68.7166 131.7170 1
63.8844 108.6132 1
68.4085 114.5673 1
67.9325 133.5136 1
70.6967 135.8641 1
68.9508 148.1093 1
66.4946 123.5179 1
68.5937 120.8406 1
66.2644 116.2666 1
69.5866 123.8986 1
67.3565 119.3200 1
69.6873 119.4097 1
68.4405 124.5933 1
68.4797 130.8802 1
65.4546 118.2058 1
66.8085 109.6357 1
70.0521 140.2298 1
67.4356 121.5764 1
66.5431 98.3026 1
67.3235 117.6173 1
67.9725 136.5104 1
69.0386 148.9791 1
67.6945 123.9665 1
69.3051 133.5957 1
65.3964 117.2334 1
68.3564 123.5943 1
65.3689 117.7674 1
68.3650 137.2321 1
71.1570 129.1996 1
69.2553 142.4032 1
66.6984 128.4838 1
69.1755 115.3008 1
68.3156 119.5309 1
67.8162 121.7224 1
68.5612 142.8442 1
66.2309 110.1171 1
68.9510 122.0958 1
67.8676 124.8188 1
68.0550 119.3169 1
67.7399 132.4571 1
69.8364 133.0316 1
70.6857 160.8831 1
64.5439 119.1270 1
67.9311 138.5160 1
67.7729 124.8232 1
69.4131 135.9744 1
67.7721 116.2254 1
67.7996 139.2002 1
67.9831 137.9830 1
69.9798 144.5084 1
63.8326 109.1938 1
65.5721 127.2280 1
69.3431 124.5517 1
67.2840 114.9260 1
68.7435 132.5027 1
69.0311 125.3892 1
69.6443 128.4988 1
66.7005 117.7319 1
67.9143 112.9531 1
64.3685 126.1835 1
65.8751 118.7934 1
67.0743 125.4388 1
69.3454 124.9451 1
69.8321 145.5139 1
66.1025 116.7836 1
69.2621 132.5216 1
68.3353 114.8933 1
69.3802 122.8594 1
69.1289 130.5782 1
68.4466 119.1058 1
66.3454 133.8204 1
70.0327 128.5779 1
70.1652 139.0179 1
68.1832 101.2876 1
70.1238 140.9580 1
68.4296 134.6146 1
66.4397 129.9482 1
71.7270 139.0640 1
70.7239 135.1996 1
68.0902 129.6820 1
70.1298 129.1395 1
66.0539 129.0051 1
69.7706 112.7357 1
68.1582 126.1123 1
69.9137 118.3724 1
65.3446 122.9731 1
68.3562 130.3663 1
64.5058 114.2260 1
67.9549 115.7854 1
68.5762 137.9526 1
68.1226 112.2435 1
68.7758 137.2370 1
67.9259 124.9418 1
69.1484 135.0961 1
63.2054 114.4199 1
69.2442 122.1823 1
65.8864 129.3750 1
67.8519 129.9448 1
65.5742 140.4557 1
66.7082 120.8977 1
69.1720 129.1590 1
69.2359 137.1397 1
67.5723 145.2218 1
69.5052 140.0956 1
70.6029 124.1200 1
66.5415 135.6875 1
69.1149 127.7560 1
69.9510 144.0475 1
67.7035 131.9333 1
69.1903 135.5263 1
67.8047 151.3579 1
67.6253 124.7073 1
70.3690 135.2740 1
71.0259 136.5388 1
69.8452 137.8778 1
67.0864 114.2066 1
68.6201 141.5844 1
64.3727 111.0969 1
65.9352 126.3868 1
65.2429 132.8885 1
70.5148 144.7904 1
66.6113 108.3859 1
67.1339 124.1348 1
66.7763 129.4462 1
67.6938 131.3339 1
67.8281 111.6411 1
66.6325 111.6422 1
67.6223 140.3178 1
69.6680 125.5286 1
62.7504 114.4900 1
64.5388 113.9980 1
68.0193 117.1931 1
66.3855 138.3156 1
70.1872 122.3712 1
64.6460 132.9431 1
67.4882 124.0449 1
72.0181 144.1591 1
66.6136 115.4581 1
65.8180 116.5192 1
71.1619 139.6139 1
68.5198 133.2364 1
64.9609 120.0250 1
66.8827 123.1111 1
70.3531 132.8462 1
67.7174 120.9359 1
66.0333 129.7702 1
68.9826 136.9118 1
68.6024 131.1210 1
66.8408 133.4840 1
68.0366 136.3871 1
64.7959 131.4559 1
70.5513 126.1986 1
68.2817 115.0460 1
68.7757 130.3178 1
67.0931 131.6954 1
70.1430 135.6519 1
65.4683 120.3029 1
69.0228 129.1442 1
74.2490 150.2167 1
64.0858 120.2076 1
67.5798 132.1530 1
69.1940 132.1247 1
64.4861 119.5029 1
68.7589 136.7629 1
68.4518 147.7846 1
66.4420 145.5992 1
70.1756 124.9662 1
67.1386 127.9020 1
66.9155 125.9147 1
68.6336 109.6821 1
66.9570 107.7733 1
69.9735 134.1099 1
66.9257 134.9010 1
68.7635 139.6364 1
67.4069 127.0273 1
65.7462 134.7717 1
65.8836 99.9712 1
66.7762 129.4522 1
66.9622 129.3592 1
63.4664 103.6594 1
68.3522 115.7327 1
64.4315 104.8874 1
63.5217 131.0054 1
66.8620 129.0709 1
65.5365 102.5494 1
71.8231 133.2257 1
68.8654 146.3008 1
70.7921 140.8125 1
69.0214 132.4618 1
67.3527 118.8437 1
66.3294 133.4495 1
67.7579 134.8820 1
68.6480 129.6789 1
68.1878 136.7318 1
71.5398 133.9981 1
68.5896 128.1324 1
74.0000 180.0000 2
74.0000 215.0000 2
72.0000 210.0000 2
72.0000 210.0000 2
73.0000 188.0000 2
69.0000 176.0000 2
69.0000 209.0000 2
71.0000 200.0000 2
76.0000 231.0000 2
71.0000 180.0000 2
73.0000 188.0000 2
73.0000 180.0000 2
74.0000 185.0000 2
74.0000 160.0000 2
69.0000 180.0000 2
70.0000 185.0000 2
72.0000 197.0000 2
73.0000 189.0000 2
75.0000 185.0000 2
78.0000 219.0000 2
79.0000 230.0000 2
76.0000 205.0000 2
74.0000 230.0000 2
76.0000 195.0000 2
72.0000 180.0000 2
71.0000 192.0000 2
75.0000 225.0000 2
77.0000 203.0000 2
74.0000 195.0000 2
73.0000 182.0000 2
74.0000 188.0000 2
78.0000 200.0000 2
73.0000 180.0000 2
75.0000 200.0000 2
73.0000 200.0000 2
75.0000 245.0000 2
75.0000 240.0000 2
74.0000 215.0000 2
69.0000 185.0000 2
71.0000 175.0000 2
74.0000 199.0000 2
73.0000 200.0000 2
73.0000 215.0000 2
76.0000 200.0000 2
74.0000 205.0000 2
74.0000 206.0000 2
70.0000 186.0000 2
72.0000 188.0000 2
77.0000 220.0000 2
74.0000 210.0000 2
70.0000 195.0000 2
76.0000 244.0000 2
75.0000 195.0000 2
73.0000 200.0000 2
75.0000 200.0000 2
76.0000 212.0000 2
76.0000 224.0000 2
78.0000 210.0000 2
74.0000 205.0000 2
74.0000 220.0000 2
76.0000 195.0000 2
77.0000 200.0000 2
81.0000 260.0000 2
78.0000 228.0000 2
75.0000 270.0000 2
77.0000 200.0000 2
75.0000 210.0000 2
76.0000 190.0000 2
74.0000 220.0000 2
72.0000 180.0000 2
72.0000 205.0000 2
75.0000 210.0000 2
73.0000 220.0000 2
73.0000 211.0000 2
73.0000 200.0000 2
70.0000 180.0000 2
70.0000 190.0000 2
70.0000 170.0000 2
76.0000 230.0000 2
68.0000 155.0000 2
71.0000 185.0000 2
72.0000 185.0000 2
75.0000 200.0000 2
75.0000 225.0000 2
75.0000 225.0000 2
75.0000 220.0000 2
68.0000 160.0000 2
74.0000 205.0000 2
78.0000 235.0000 2
71.0000 250.0000 2
73.0000 210.0000 2
76.0000 190.0000 2
74.0000 160.0000 2
74.0000 200.0000 2
79.0000 205.0000 2
75.0000 222.0000 2
73.0000 195.0000 2
76.0000 205.0000 2
74.0000 220.0000 2
74.0000 220.0000 2
73.0000 170.0000 2
72.0000 185.0000 2
74.0000 195.0000 2
73.0000 220.0000 2
74.0000 230.0000 2
72.0000 180.0000 2
73.0000 220.0000 2
69.0000 180.0000 2
72.0000 180.0000 2
73.0000 170.0000 2
75.0000 210.0000 2
75.0000 215.0000 2
73.0000 200.0000 2
72.0000 213.0000 2
72.0000 180.0000 2
76.0000 192.0000 2
74.0000 235.0000 2
72.0000 185.0000 2
76.0000 230.0000 2
77.0000 235.0000 2
74.0000 210.0000 2
77.0000 222.0000 2
75.0000 210.0000 2
76.0000 230.0000 2
80.0000 220.0000 2
74.0000 180.0000 2
74.0000 190.0000 2
75.0000 200.0000 2
78.0000 210.0000 2
73.0000 194.0000 2
73.0000 180.0000 2
74.0000 190.0000 2
75.0000 240.0000 2
76.0000 200.0000 2
71.0000 198.0000 2
73.0000 200.0000 2
74.0000 195.0000 2
76.0000 210.0000 2
76.0000 220.0000 2
74.0000 190.0000 2
73.0000 210.0000 2
74.0000 225.0000 2
70.0000 180.0000 2
72.0000 185.0000 2
73.0000 170.0000 2
73.0000 185.0000 2
73.0000 185.0000 2
73.0000 180.0000 2
71.0000 178.0000 2
74.0000 175.0000 2
74.0000 200.0000 2
72.0000 204.0000 2
74.0000 211.0000 2
71.0000 190.0000 2
74.0000 210.0000 2
75.0000 240.0000 2
73.0000 190.0000 2
75.0000 190.0000 2
75.0000 185.0000 2
79.0000 290.0000 2
73.0000 175.0000 2
75.0000 185.0000 2
76.0000 200.0000 2
74.0000 220.0000 2
76.0000 170.0000 2
78.0000 220.0000 2
74.0000 190.0000 2
76.0000 220.0000 2
72.0000 205.0000 2
74.0000 200.0000 2
76.0000 250.0000 2
74.0000 225.0000 2
75.0000 215.0000 2
78.0000 210.0000 2
75.0000 215.0000 2
72.0000 195.0000 2
74.0000 200.0000 2
72.0000 194.0000 2
74.0000 220.0000 2
70.0000 180.0000 2
71.0000 180.0000 2
70.0000 170.0000 2
75.0000 195.0000 2
71.0000 180.0000 2
71.0000 170.0000 2
73.0000 206.0000 2
72.0000 205.0000 2
71.0000 200.0000 2
73.0000 225.0000 2
72.0000 201.0000 2
75.0000 225.0000 2
70.0000 226.0000 2
74.0000 233.0000 2
74.0000 180.0000 2
75.0000 225.0000 2
73.0000 180.0000 2
77.0000 220.0000 2
73.0000 180.0000 2
76.0000 237.0000 2
75.0000 215.0000 2
74.0000 190.0000 2
76.0000 235.0000 2
75.0000 190.0000 2
73.0000 180.0000 2
71.0000 165.0000 2
76.0000 195.0000 2
75.0000 200.0000 2
72.0000 190.0000 2
71.0000 190.0000 2
77.0000 185.0000 2
73.0000 185.0000 2
74.0000 205.0000 2
71.0000 190.0000 2
72.0000 205.0000 2
74.0000 206.0000 2
75.0000 220.0000 2
73.0000 208.0000 2
72.0000 170.0000 2
75.0000 195.0000 2
75.0000 210.0000 2
74.0000 190.0000 2
72.0000 211.0000 2
74.0000 230.0000 2
71.0000 170.0000 2
70.0000 185.0000 2
75.0000 230.0000 2
74.0000 185.0000 2
77.0000 241.0000 2
77.0000 225.0000 2
75.0000 210.0000 2
75.0000 175.0000 2
78.0000 230.0000 2
75.0000 200.0000 2
76.0000 215.0000 2
73.0000 198.0000 2
75.0000 226.0000 2
75.0000 278.0000 2
79.0000 215.0000 2
77.0000 230.0000 2
76.0000 240.0000 2
71.0000 184.0000 2
75.0000 219.0000 2
74.0000 170.0000 2
69.0000 218.0000 2
71.0000 190.0000 2
76.0000 225.0000 2
72.0000 220.0000 2
72.0000 176.0000 2
70.0000 190.0000 2
72.0000 197.0000 2
73.0000 204.0000 2
71.0000 167.0000 2
72.0000 180.0000 2
71.0000 195.0000 2
73.0000 220.0000 2
72.0000 215.0000 2
73.0000 185.0000 2
74.0000 190.0000 2
74.0000 205.0000 2
72.0000 205.0000 2
73.0000 200.0000 2
75.0000 200.0000 2
74.0000 210.0000 2
74.0000 215.0000 2
77.0000 200.0000 2
75.0000 205.0000 2
73.0000 211.0000 2
72.0000 190.0000 2
71.0000 208.0000 2
74.0000 200.0000 2
77.0000 210.0000 2
75.0000 232.0000 2
75.0000 230.0000 2
75.0000 210.0000 2
78.0000 220.0000 2
78.0000 210.0000 2
74.0000 202.0000 2
76.0000 212.0000 2
78.0000 225.0000 2
76.0000 170.0000 2
70.0000 190.0000 2
72.0000 200.0000 2
80.0000 237.0000 2
74.0000 220.0000 2
74.0000 170.0000 2
71.0000 193.0000 2
70.0000 190.0000 2
72.0000 150.0000 2
71.0000 220.0000 2
74.0000 200.0000 2
71.0000 190.0000 2
72.0000 185.0000 2
71.0000 185.0000 2
74.0000 200.0000 2
69.0000 172.0000 2
76.0000 220.0000 2
75.0000 225.0000 2
75.0000 190.0000 2
76.0000 195.0000 2
73.0000 219.0000 2
76.0000 190.0000 2
73.0000 197.0000 2
77.0000 200.0000 2
73.0000 195.0000 2
72.0000 210.0000 2
72.0000 177.0000 2
77.0000 220.0000 2
77.0000 235.0000 2
71.0000 180.0000 2
74.0000 195.0000 2
74.0000 195.0000 2
73.0000 190.0000 2
78.0000 230.0000 2
75.0000 190.0000 2
73.0000 200.0000 2
70.0000 190.0000 2
74.0000 190.0000 2
72.0000 200.0000 2
73.0000 200.0000 2
73.0000 184.0000 2
75.0000 200.0000 2
75.0000 180.0000 2
74.0000 219.0000 2
76.0000 187.0000 2
73.0000 200.0000 2
74.0000 220.0000 2
75.0000 205.0000 2
73.0000 205.0000 2
75.0000 190.0000 2
72.0000 170.0000 2
73.0000 160.0000 2
73.0000 215.0000 2
72.0000 175.0000 2
74.0000 205.0000 2
78.0000 200.0000 2
76.0000 214.0000 2
73.0000 200.0000 2
74.0000 190.0000 2
75.0000 180.0000 2
70.0000 205.0000 2
75.0000 220.0000 2
71.0000 190.0000 2
72.0000 215.0000 2
78.0000 235.0000 2
75.0000 191.0000 2
73.0000 200.0000 2
73.0000 181.0000 2
71.0000 200.0000 2
75.0000 210.0000 2
77.0000 240.0000 2
72.0000 185.0000 2
69.0000 165.0000 2
73.0000 190.0000 2
74.0000 185.0000 2
72.0000 175.0000 2
70.0000 155.0000 2
75.0000 210.0000 2
70.0000 170.0000 2
72.0000 175.0000 2
72.0000 220.0000 2
74.0000 210.0000 2
73.0000 205.0000 2
74.0000 200.0000 2
75.0000 225.0000 2
76.0000 205.0000 2
75.0000 195.0000 2
80.0000 240.0000 2
72.0000 150.0000 2
75.0000 200.0000 2
73.0000 215.0000 2
74.0000 202.0000 2
74.0000 200.0000 2
73.0000 190.0000 2
75.0000 205.0000 2
75.0000 190.0000 2
71.0000 160.0000 2
73.0000 215.0000 2
75.0000 185.0000 2
74.0000 200.0000 2
74.0000 190.0000 2
72.0000 210.0000 2
74.0000 185.0000 2
74.0000 220.0000 2
74.0000 190.0000 2
73.0000 202.0000 2
76.0000 205.0000 2
75.0000 220.0000 2
72.0000 175.0000 2
73.0000 160.0000 2
73.0000 190.0000 2
73.0000 200.0000 2
72.0000 229.0000 2
72.0000 206.0000 2
72.0000 220.0000 2
72.0000 180.0000 2
71.0000 195.0000 2
75.0000 175.0000 2
77.0000 250.0000 2
75.0000 188.0000 2
74.0000 230.0000 2
73.0000 190.0000 2
75.0000 200.0000 2
79.0000 190.0000 2
74.0000 219.0000 2
76.0000 235.0000 2
73.0000 180.0000 2
74.0000 180.0000 2
74.0000 180.0000 2
72.0000 200.0000 2
74.0000 234.0000 2
74.0000 185.0000 2
75.0000 220.0000 2
78.0000 223.0000 2
74.0000 200.0000 2
74.0000 210.0000 2
74.0000 200.0000 2
77.0000 210.0000 2
70.0000 190.0000 2
73.0000 177.0000 2
74.0000 227.0000 2
73.0000 180.0000 2
71.0000 195.0000 2
75.0000 199.0000 2
71.0000 175.0000 2
72.0000 185.0000 2
77.0000 240.0000 2
74.0000 210.0000 2
70.0000 180.0000 2
77.0000 194.0000 2
73.0000 225.0000 2
77.0000 275.0000 2
74.0000 195.0000 2
72.0000 180.0000 2
76.0000 205.0000 2
71.0000 193.0000 2
76.0000 230.0000 2
78.0000 230.0000 2
75.0000 220.0000 2
73.0000 200.0000 2
78.0000 249.0000 2
74.0000 190.0000 2
79.0000 208.0000 2
75.0000 245.0000 2
76.0000 250.0000 2
72.0000 160.0000 2
75.0000 192.0000 2
75.0000 220.0000 2
70.0000 170.0000 2
72.0000 197.0000 2
70.0000 155.0000 2
74.0000 190.0000 2
71.0000 200.0000 2
76.0000 220.0000 2
73.0000 210.0000 2
76.0000 228.0000 2
71.0000 190.0000 2
69.0000 160.0000 2
72.0000 184.0000 2
72.0000 180.0000 2
69.0000 180.0000 2
73.0000 200.0000 2
69.0000 176.0000 2
73.0000 160.0000 2
74.0000 222.0000 2
74.0000 211.0000 2
72.0000 195.0000 2
71.0000 200.0000 2
74.0000 210.0000 2
73.0000 225.0000 2
72.0000 175.0000 2
72.0000 206.0000 2
76.0000 240.0000 2
76.0000 185.0000 2
76.0000 260.0000 2
74.0000 185.0000 2
76.0000 221.0000 2
75.0000 205.0000 2
71.0000 200.0000 2
72.0000 170.0000 2
71.0000 201.0000 2
73.0000 205.0000 2
75.0000 185.0000 2
76.0000 205.0000 2
75.0000 245.0000 2
71.0000 220.0000 2
75.0000 210.0000 2
74.0000 220.0000 2
72.0000 185.0000 2
73.0000 175.0000 2
73.0000 170.0000 2
73.0000 180.0000 2
73.0000 200.0000 2
76.0000 210.0000 2
72.0000 175.0000 2
76.0000 220.0000 2
73.0000 206.0000 2
73.0000 180.0000 2
73.0000 210.0000 2
75.0000 195.0000 2
75.0000 200.0000 2
77.0000 200.0000 2
73.0000 164.0000 2
72.0000 180.0000 2
75.0000 220.0000 2
70.0000 195.0000 2
74.0000 205.0000 2
72.0000 170.0000 2
80.0000 240.0000 2
71.0000 210.0000 2
71.0000 195.0000 2
74.0000 200.0000 2
74.0000 205.0000 2
73.0000 192.0000 2
75.0000 190.0000 2
76.0000 170.0000 2
73.0000 240.0000 2
77.0000 200.0000 2
72.0000 205.0000 2
73.0000 175.0000 2
77.0000 250.0000 2
76.0000 220.0000 2
71.0000 224.0000 2
75.0000 210.0000 2
73.0000 195.0000 2
74.0000 180.0000 2
77.0000 245.0000 2
71.0000 175.0000 2
72.0000 180.0000 2
73.0000 215.0000 2
69.0000 175.0000 2
73.0000 180.0000 2
70.0000 195.0000 2
74.0000 230.0000 2
76.0000 230.0000 2
73.0000 205.0000 2
73.0000 215.0000 2
75.0000 195.0000 2
73.0000 180.0000 2
79.0000 205.0000 2
74.0000 180.0000 2
73.0000 190.0000 2
74.0000 180.0000 2
77.0000 190.0000 2
75.0000 190.0000 2
74.0000 220.0000 2
73.0000 210.0000 2
77.0000 255.0000 2
73.0000 190.0000 2
77.0000 230.0000 2
74.0000 200.0000 2
74.0000 205.0000 2
73.0000 210.0000 2
77.0000 225.0000 2
74.0000 215.0000 2
77.0000 220.0000 2
75.0000 205.0000 2
77.0000 200.0000 2
75.0000 220.0000 2
71.0000 197.0000 2
74.0000 225.0000 2
70.0000 187.0000 2
79.0000 245.0000 2
72.0000 185.0000 2
72.0000 185.0000 2
70.0000 175.0000 2
74.0000 200.0000 2
74.0000 180.0000 2
72.0000 188.0000 2
73.0000 225.0000 2
72.0000 200.0000 2
74.0000 210.0000 2
74.0000 245.0000 2
76.0000 213.0000 2
82.0000 231.0000 2
74.0000 165.0000 2
74.0000 228.0000 2
70.0000 210.0000 2
73.0000 250.0000 2
73.0000 191.0000 2
74.0000 190.0000 2
77.0000 200.0000 2
72.0000 215.0000 2
76.0000 254.0000 2
73.0000 232.0000 2
73.0000 180.0000 2
72.0000 215.0000 2
74.0000 220.0000 2
74.0000 180.0000 2
71.0000 200.0000 2
72.0000 170.0000 2
75.0000 195.0000 2
74.0000 210.0000 2
74.0000 200.0000 2
77.0000 220.0000 2
70.0000 165.0000 2
71.0000 180.0000 2
73.0000 200.0000 2
76.0000 200.0000 2
71.0000 170.0000 2
75.0000 224.0000 2
74.0000 220.0000 2
72.0000 180.0000 2
76.0000 198.0000 2
79.0000 240.0000 2
76.0000 239.0000 2
73.0000 185.0000 2
76.0000 210.0000 2
78.0000 220.0000 2
75.0000 200.0000 2
76.0000 195.0000 2
72.0000 220.0000 2
72.0000 230.0000 2
73.0000 170.0000 2
73.0000 220.0000 2
75.0000 230.0000 2
71.0000 165.0000 2
76.0000 205.0000 2
70.0000 192.0000 2
75.0000 210.0000 2
74.0000 205.0000 2
75.0000 200.0000 2
73.0000 210.0000 2
71.0000 185.0000 2
71.0000 195.0000 2
72.0000 202.0000 2
73.0000 205.0000 2
73.0000 195.0000 2
72.0000 180.0000 2
69.0000 200.0000 2
73.0000 185.0000 2
78.0000 240.0000 2
71.0000 185.0000 2
73.0000 220.0000 2
75.0000 205.0000 2
76.0000 205.0000 2
70.0000 180.0000 2
74.0000 201.0000 2
77.0000 190.0000 2
75.0000 208.0000 2
79.0000 240.0000 2
72.0000 190.0000 2
72.0000 180.0000 2
77.0000 230.0000 2
73.0000 195.0000 2
75.0000 215.0000 2
75.0000 190.0000 2
75.0000 195.0000 2
73.0000 215.0000 2
73.0000 215.0000 2
76.0000 220.0000 2
77.0000 220.0000 2
75.0000 230.0000 2
70.0000 195.0000 2
71.0000 190.0000 2
71.0000 195.0000 2
75.0000 209.0000 2
74.0000 204.0000 2
69.0000 170.0000 2
70.0000 185.0000 2
75.0000 205.0000 2
72.0000 175.0000 2
75.0000 210.0000 2
73.0000 190.0000 2
72.0000 180.0000 2
72.0000 180.0000 2
72.0000 160.0000 2
76.0000 235.0000 2
75.0000 200.0000 2
74.0000 210.0000 2
75.0000 224.0000 2
69.0000 180.0000 2
73.0000 190.0000 2
72.0000 197.0000 2
72.0000 203.0000 2
75.0000 205.0000 2
77.0000 170.0000 2
76.0000 200.0000 2
80.0000 250.0000 2
77.0000 200.0000 2
76.0000 220.0000 2
79.0000 200.0000 2
71.0000 190.0000 2
75.0000 170.0000 2
73.0000 190.0000 2
76.0000 220.0000 2
77.0000 215.0000 2
73.0000 206.0000 2
76.0000 215.0000 2
70.0000 185.0000 2
75.0000 235.0000 2
73.0000 188.0000 2
75.0000 230.0000 2
70.0000 195.0000 2
69.0000 168.0000 2
71.0000 190.0000 2
72.0000 160.0000 2
72.0000 200.0000 2
73.0000 200.0000 2
70.0000 189.0000 2
70.0000 180.0000 2
73.0000 190.0000 2
76.0000 200.0000 2
75.0000 220.0000 2
72.0000 187.0000 2
73.0000 240.0000 2
79.0000 190.0000 2
71.0000 180.0000 2
72.0000 185.0000 2
74.0000 210.0000 2
74.0000 220.0000 2
74.0000 219.0000 2
72.0000 190.0000 2
76.0000 193.0000 2
76.0000 175.0000 2
72.0000 180.0000 2
72.0000 215.0000 2
71.0000 210.0000 2
72.0000 200.0000 2
72.0000 190.0000 2
70.0000 185.0000 2
77.0000 220.0000 2
74.0000 170.0000 2
72.0000 195.0000 2
76.0000 205.0000 2
71.0000 195.0000 2
76.0000 210.0000 2
71.0000 190.0000 2
73.0000 190.0000 2
70.0000 180.0000 2
73.0000 220.0000 2
73.0000 190.0000 2
72.0000 186.0000 2
71.0000 185.0000 2
71.0000 190.0000 2
71.0000 180.0000 2
72.0000 190.0000 2
72.0000 170.0000 2
74.0000 210.0000 2
74.0000 240.0000 2
74.0000 220.0000 2
71.0000 180.0000 2
72.0000 210.0000 2
75.0000 210.0000 2
72.0000 195.0000 2
71.0000 160.0000 2
72.0000 180.0000 2
72.0000 205.0000 2
72.0000 200.0000 2
72.0000 185.0000 2
74.0000 245.0000 2
74.0000 190.0000 2
77.0000 210.0000 2
75.0000 200.0000 2
73.0000 200.0000 2
75.0000 222.0000 2
73.0000 215.0000 2
76.0000 240.0000 2
72.0000 170.0000 2
77.0000 220.0000 2
75.0000 156.0000 2
72.0000 190.0000 2
71.0000 202.0000 2
71.0000 221.0000 2
75.0000 200.0000 2
72.0000 190.0000 2
73.0000 210.0000 2
73.0000 190.0000 2
71.0000 200.0000 2
70.0000 165.0000 2
75.0000 190.0000 2
71.0000 185.0000 2
76.0000 230.0000 2
73.0000 208.0000 2
68.0000 209.0000 2
71.0000 175.0000 2
72.0000 180.0000 2
74.0000 200.0000 2
77.0000 205.0000 2
72.0000 200.0000 2
76.0000 250.0000 2
78.0000 210.0000 2
81.0000 230.0000 2
72.0000 244.0000 2
73.0000 202.0000 2
76.0000 240.0000 2
72.0000 200.0000 2
72.0000 215.0000 2
74.0000 177.0000 2
76.0000 210.0000 2
73.0000 170.0000 2
76.0000 215.0000 2
75.0000 217.0000 2
70.0000 198.0000 2
71.0000 200.0000 2
74.0000 220.0000 2
72.0000 170.0000 2
73.0000 200.0000 2
76.0000 230.0000 2
76.0000 231.0000 2
73.0000 183.0000 2
71.0000 192.0000 2
68.0000 167.0000 2
71.0000 190.0000 2
71.0000 180.0000 2
74.0000 180.0000 2
77.0000 215.0000 2
69.0000 160.0000 2
72.0000 205.0000 2
76.0000 223.0000 2
73.0000 205.0000 2
75.0000 175.0000 2
76.0000 170.0000 2
75.0000 190.0000 2
76.0000 240.0000 2
72.0000 175.0000 2
74.0000 230.0000 2
76.0000 223.0000 2
74.0000 196.0000 2
72.0000 167.0000 2
75.0000 195.0000 2
78.0000 190.0000 2
77.0000 250.0000 2
70.0000 190.0000 2
72.0000 190.0000 2
79.0000 190.0000 2
74.0000 170.0000 2
71.0000 160.0000 2
68.0000 150.0000 2
77.0000 225.0000 2
75.0000 220.0000 2
71.0000 209.0000 2
72.0000 210.0000 2
70.0000 176.0000 2
72.0000 260.0000 2
72.0000 195.0000 2
73.0000 190.0000 2
72.0000 184.0000 2
74.0000 180.0000 2
72.0000 195.0000 2
72.0000 195.0000 2
75.0000 219.0000 2
72.0000 225.0000 2
73.0000 212.0000 2
74.0000 202.0000 2
72.0000 185.0000 2
78.0000 200.0000 2
75.0000 209.0000 2
72.0000 200.0000 2
74.0000 195.0000 2
75.0000 228.0000 2
75.0000 210.0000 2
76.0000 190.0000 2
74.0000 212.0000 2
74.0000 190.0000 2
73.0000 218.0000 2
74.0000 220.0000 2
71.0000 190.0000 2
74.0000 235.0000 2
75.0000 210.0000 2
76.0000 200.0000 2
74.0000 188.0000 2
76.0000 210.0000 2
76.0000 235.0000 2
73.0000 188.0000 2
75.0000 215.0000 2
75.0000 216.0000 2
74.0000 220.0000 2
68.0000 180.0000 2
72.0000 185.0000 2
75.0000 200.0000 2
71.0000 210.0000 2
70.0000 220.0000 2
72.0000 185.0000 2
73.0000 231.0000 2
72.0000 210.0000 2
75.0000 195.0000 2
74.0000 200.0000 2
70.0000 205.0000 2
73.0000 200.0000 2
76.0000 200.0000 2
71.0000 190.0000 2
82.0000 250.0000 2
72.0000 185.0000 2
73.0000 180.0000 2
74.0000 170.0000 2
71.0000 180.0000 2
75.0000 208.0000 2
77.0000 235.0000 2
72.0000 215.0000 2
74.0000 244.0000 2
72.0000 220.0000 2
73.0000 185.0000 2
78.0000 230.0000 2
77.0000 190.0000 2
73.0000 200.0000 2
73.0000 180.0000 2
73.0000 190.0000 2
73.0000 196.0000 2
73.0000 180.0000 2
76.0000 230.0000 2
75.0000 224.0000 2
70.0000 160.0000 2
73.0000 178.0000 2
72.0000 205.0000 2
73.0000 185.0000 2
75.0000 210.0000 2
74.0000 180.0000 2
73.0000 190.0000 2
73.0000 200.0000 2
76.0000 257.0000 2
73.0000 190.0000 2
75.0000 220.0000 2
70.0000 165.0000 2
77.0000 205.0000 2
72.0000 200.0000 2
77.0000 208.0000 2
74.0000 185.0000 2
75.0000 215.0000 2
75.0000 170.0000 2
75.0000 235.0000 2
75.0000 210.0000 2
72.0000 170.0000 2
74.0000 180.0000 2
71.0000 170.0000 2
76.0000 190.0000 2
71.0000 150.0000 2
75.0000 230.0000 2
76.0000 203.0000 2
83.0000 260.0000 2
75.0000 246.0000 2
74.0000 186.0000 2
76.0000 210.0000 2
72.0000 198.0000 2
72.0000 210.0000 2
75.0000 215.0000 2
75.0000 180.0000 2
72.0000 200.0000 2
77.0000 245.0000 2
73.0000 200.0000 2
72.0000 192.0000 2
70.0000 192.0000 2
74.0000 200.0000 2
72.0000 192.0000 2
74.0000 205.0000 2
72.0000 190.0000 2
71.0000 186.0000 2
70.0000 170.0000 2
71.0000 197.0000 2
76.0000 219.0000 2
74.0000 200.0000 2
76.0000 220.0000 2
74.0000 207.0000 2
74.0000 225.0000 2
74.0000 207.0000 2
75.0000 212.0000 2
75.0000 225.0000 2
71.0000 170.0000 2
71.0000 190.0000 2
74.0000 210.0000 2
77.0000 230.0000 2
71.0000 210.0000 2
74.0000 200.0000 2
75.0000 238.0000 2
77.0000 234.0000 2
76.0000 222.0000 2
74.0000 200.0000 2
76.0000 190.0000 2
72.0000 170.0000 2
71.0000 220.0000 2
72.0000 223.0000 2
75.0000 210.0000 2
73.0000 215.0000 2
68.0000 196.0000 2
72.0000 175.0000 2
69.0000 175.0000 2
73.0000 189.0000 2
73.0000 205.0000 2
75.0000 210.0000 2
70.0000 180.0000 2
70.0000 180.0000 2
74.0000 197.0000 2
75.0000 220.0000 2
74.0000 228.0000 2
74.0000 190.0000 2
73.0000 204.0000 2
74.0000 165.0000 2
75.0000 216.0000 2
77.0000 220.0000 2
73.0000 208.0000 2
74.0000 210.0000 2
76.0000 215.0000 2
74.0000 195.0000 2
75.0000 200.0000 2
73.0000 215.0000 2
76.0000 229.0000 2
78.0000 240.0000 2
75.0000 207.0000 2
73.0000 205.0000 2
77.0000 208.0000 2
74.0000 185.0000 2
72.0000 190.0000 2
74.0000 170.0000 2
72.0000 208.0000 2
71.0000 225.0000 2
73.0000 190.0000 2
75.0000 225.0000 2
73.0000 185.0000 2
67.0000 180.0000 2
67.0000 165.0000 2
76.0000 240.0000 2
74.0000 220.0000 2
73.0000 212.0000 2
70.0000 163.0000 2
75.0000 215.0000 2
70.0000 175.0000 2
72.0000 205.0000 2
77.0000 210.0000 2
79.0000 205.0000 2
78.0000 208.0000 2
74.0000 215.0000 2
75.0000 180.0000 2
75.0000 200.0000 2
78.0000 230.0000 2
76.0000 211.0000 2
75.0000 230.0000 2
69.0000 190.0000 2
75.0000 220.0000 2
72.0000 180.0000 2
75.0000 205.0000 2
73.0000 190.0000 2
74.0000 180.0000 2
75.0000 205.0000 2
75.0000 190.0000 2
73.0000 195.0000 2
