1 1.80712586135376 3.62155807534134 8.77282047737212
1 -0.0745928192936184 -0.146318243636328 3.8573546298762
1 1.6294365041396 3.26680485675783 7.47977376513629
1 1.54763407269829 3.09937011195476 6.19356223759722
1 -0.152008409429059 -0.305652684621285 2.47236051492005
1 -0.588854523590839 -1.18778923354596 1.80995060079942
1 -0.6240098713517 -1.26503596360935 0.596466772545177
1 -0.577115160870798 -1.15675031896788 2.02202104266861
1 -0.0704594717734468 -0.147681282598251 1.38745962107922
1 -0.163607829901421 -0.347651446087719 1.26398969136321
1 -1.50334943875701 -2.99397838106114 -3.16017117210894
1 2.95081313549074 5.87693670310958 10.0285336591459
1 -2.16154403423497 -4.32671051609674 -2.09370303105826
1 0.746879110720595 1.49747616725401 5.31434616432179
1 0.390316650926973 0.805826682033345 3.67698339751848
1 0.29923185116728 0.6149204606372 4.70845386965591
1 -1.19827624441678 -2.38897096388457 -0.611994277732092
1 0.306234509726527 0.624601492719175 3.9485829838285
1 -0.203064659441954 -0.403163758041341 3.15538948186868
1 1.6640438008184 3.30357999625814 6.59996757649203
1 -0.0893097923028013 -0.177778841816115 1.75841211854207
1 -0.240979379440777 -0.489660598178226 0.389007464142812
1 0.451236751668023 0.891713209656889 4.78859861011141
1 0.868775478637657 1.75412671860513 7.06251537492739
1 1.60612169638218 3.21473121166014 8.08706902882769
1 0.0989804558997009 0.213294625018619 5.14100766616407
1 2.48397778034766 4.9533456747338 10.3118559701847
1 1.58561645454628 3.18489720001522 8.86363408215816
1 -0.364218689321666 -0.711419394192694 1.34021218333087
1 -1.29983851570299 -2.60513775497949 -0.446776308140847
1 0.222149561536936 0.444711657128428 2.00602517493317
1 0.788116450244687 1.59507067644303 3.84577350661012
1 -0.51389610614763 -1.02203446587697 2.93469350040283
1 -0.714160239583778 -1.42339741166016 0.934937332605965
1 -1.24395031446876 -2.48697165249068 -2.54358078927018
1 0.241196394480705 0.480285912200546 2.71041920767429
1 -0.0672761200338502 -0.137224198558595 3.27774655649416
1 1.0071953403114 2.01892311704559 5.06132070581802
1 -1.21866612368366 -2.43322879025735 -0.262666392020461
1 1.05792703059628 2.11367620932049 6.92134483891857
1 0.588883132165673 1.1902282493132 6.23866380102957
1 0.335000778582384 0.665342513194168 3.49091769881948
1 -0.637432694691203 -1.28583675466254 2.01658140111259
1 0.163827400575726 0.32601461293109 3.2852846725238
1 0.557896079262109 1.1263285212931 4.8521858358538
1 0.180921747552837 0.377136338157496 3.59582552013207
1 0.439726688346591 0.868598321922217 3.16634081210964
1 1.90894070558568 3.80883344904115 9.17260257880499
1 -0.0542805686987321 -0.103540449656145 4.05038620678832
1 1.61089028352116 3.23260515998137 8.20477496837685
1 0.317583638776922 0.641807557278804 4.62071751261575
1 0.187085335550434 0.392162413473856 3.22720147683898
1 0.861948973624241 1.73920744597511 6.16512695478259
1 -0.226517002851098 -0.441037474225454 1.6635484434178
1 1.18896290592337 2.38662200724895 5.81399200366632
1 0.799739309962514 1.60510775512331 5.60867712398448
1 -0.682368681954805 -1.36516033037183 2.35897743758873
1 1.15495594889907 2.32100277926072 5.84282717605354
1 1.96389754555483 3.91768744188527 9.51124114891122
1 -0.562152330076632 -1.13186658216933 2.29382362677278
1 0.737859322466873 1.50259932182416 4.57950344713542
1 -1.09489936089714 -2.18143402257776 -0.508550058448576
1 0.149103371845883 0.299557470538374 2.83698070181561
1 -0.293189612777191 -0.568201573976274 1.72875229471266
1 0.301948778116175 0.598798928710831 3.64976942077105
1 -0.223882905211373 -0.442727763022059 2.34170136260906
1 -0.818231775064847 -1.6299977988521 0.829764669987827
1 -1.10005609464379 -2.20788860582036 0.102135669951718
1 0.401615925837905 0.823090181018511 5.28652562536273
1 1.03405707883314 2.05998932918513 5.66227543273765
1 -0.00653603246496472 -0.00995869103567645 3.43838213957752
1 -1.64455618805438 -3.29120345870939 -3.01420429610378
1 1.10089415111432 2.19985509787406 6.50816780618291
1 0.066378757631852 0.118009263787907 2.6444768856632
1 -0.470949594416054 -0.932493946458155 0.884341573722246
1 0.603871599869658 1.20249638307843 3.47358757854582
1 -1.26865517136367 -2.51245129781435 -0.706350147983523
1 -0.496531146160058 -0.990233658809547 1.56438759037155
1 -2.2684096873195 -4.52280020866162 -4.2034725493745
1 -0.619593864374167 -1.25292981400066 1.97109922180066
1 0.875373463497467 1.73957760532216 6.91551348334637
1 -2.38918851533345 -4.79651424839356 -3.52342776811338
1 0.579440532074675 1.17057648084281 3.76785731213033
1 -0.630200316424961 -1.26705351339853 -0.519087380963955
1 -0.657700240362078 -1.30200929362657 0.306299593839744
1 1.20772214096133 2.42221525377055 5.93471029270068
1 -0.210671612323627 -0.42460860086076 3.37228697369044
1 -1.12965294013478 -2.26127943668653 -0.317427387484899
1 0.24276424603931 0.494171601411319 5.55612262245367
1 -0.183671379350292 -0.376442653583388 1.08377250452726
1 -0.427526721871298 -0.85173506201647 0.241741851425949
1 0.226475844798266 0.455494003751967 3.94440356840569
1 -1.5452318314361 -3.08162587443309 -0.0497166542898575
1 1.15706672285623 2.33368995106723 5.77685728235702
1 1.05875719649931 2.12229581092571 6.99119828966248
1 -2.47419185542334 -4.94679047616819 -3.61431528076941
1 0.73470379091149 1.45173803197452 5.19131114710911
1 -0.889448017983352 -1.79199719980706 0.105864594608176
1 -0.0730763337165024 -0.152612768851873 3.29590645165032
1 -0.321641043296785 -0.637149351426543 1.26540480834562
1 0.909527959280587 1.8194924635776 5.66726739976256
1 -0.102287055247017 -0.199717689254251 3.22091917566156
1 -0.655679362133044 -1.31113941640108 0.5022940407579
1 -1.38733478897958 -2.77100121889241 -1.31547007172715
1 1.69663377066524 3.39745351987322 8.26623013654525
1 -0.370054681148782 -0.724390776488013 0.848938763940721
1 -0.704258657385918 -1.39575261662308 -0.204600398828664
1 -1.50015768112559 -3.00773298584063 -1.03005431747151
1 -0.916295458896762 -1.82351289087576 0.337993216883746
1 1.13926491199636 2.27947628489166 6.33237024420946
1 0.168047487348406 0.342415079831987 4.17194478103351
1 -1.50076673368784 -3.01193841657061 -2.44086375413507
1 0.0808691984128126 0.143667829385802 3.5212897766102
1 -0.368530181773403 -0.726569904964282 0.694209429377834
1 -0.816953642783026 -1.6454727598011 1.3487337455501
1 -0.0322233635625585 -0.0565280618761794 3.08636762182174
1 -1.29766576638864 -2.58567489314435 -0.102605071312211
1 -0.537328757046363 -1.08226113217763 1.31127396836674
1 -0.388630216556632 -0.759188265988403 3.17490767271439
1 -0.848511701368812 -1.70257563520267 -0.315467453791567
1 -0.246310421296901 -0.503827279637734 1.95070468540223
1 0.396701496932036 0.799639480557942 4.83006542934124
1 -0.542796065834223 -1.08958260866438 0.797136709449856
1 -0.727618938044648 -1.46364140258289 0.689100139294943
1 1.55834913565679 3.11792522757541 7.86856676678383
1 0.542831133041746 1.08079090215764 4.07669050032772
1 0.808038477825374 1.6060054591841 5.47599391034667
1 -2.06934715779119 -4.14541190206452 -4.22897673326837
1 -1.28885633864956 -2.5864720064745 -1.62694462271742
1 0.122838318765687 0.245843772778587 2.33336346867377
1 1.79631203965857 3.58934191203196 8.10976813699628
1 -0.239498235863921 -0.496752466290633 0.915314289770816
1 -0.668204088506585 -1.3459746987903 0.760352821573182
1 1.07116776706678 2.13019537725628 6.98569615737846
1 0.617411658901537 1.23955389929062 5.13805393837597
1 -0.505457048274939 -1.00187581475383 1.96443611509244
1 1.66608259614377 3.33572561853688 7.65742273316681
1 2.77347281063239 5.54359155335287 11.9329212651597
1 -1.87065875569017 -3.72818599982689 -2.26569628291305
1 1.54500590831515 3.11303357471283 7.95821638437576
1 0.634203554649281 1.26913046255861 4.41245748331524
1 -0.947766415743575 -1.89867171270786 -0.735654166268834
1 1.88028413014253 3.77234244296719 8.88958485018796
1 0.0945447108050272 0.181568588748898 1.71578791078017
1 -0.323320307707665 -0.645461277656868 3.33777623549622
1 -1.79320488526432 -3.60454159168161 -1.20691766833941
1 0.487646898984155 0.969949524920698 4.3138430792288
1 1.19010454043396 2.37827067124265 6.26180550209183
1 0.720620645037651 1.45741221325617 4.4591685658292
1 -1.00525581292091 -2.00688816485147 0.414888444963923
1 1.00920313715714 2.01760550594053 4.64653066066704
1 -1.68415260403984 -3.38013676888486 -1.31055425023618
1 1.49518463868731 3.00149436232831 7.63453751652906
1 1.44934763909731 2.89582713410039 7.63992288333234
1 0.937552165943393 1.86815528725131 5.25514376117904
1 -0.205698842691712 -0.417284071998311 2.37844435786712
1 -0.462209236823774 -0.924383017816331 2.47056083382266
1 0.0247896573087403 0.0451940102979597 1.56276092343193
1 -0.900830963684789 -1.80356798180859 1.52950958085936
1 0.449539206171597 0.901852187461947 4.95015834476789
1 1.42407357337973 2.86061830324327 7.09568222351729
1 -0.0788181092383681 -0.16257851006324 3.82812682065637
1 0.146690266452142 0.288716016463412 4.18404183536438
1 -0.097270812721669 -0.200398408289232 3.42075599595669
1 0.572922418556295 1.14349005827426 5.60601968266872
1 -1.47067793710145 -2.95086179010207 -2.25543270039606
1 0.553630685734475 1.11380149599706 3.33934472632032
1 0.449326149555802 0.899137626641443 4.57057078843544
1 1.14513886501361 2.26827875196055 5.52828433249518
1 -0.962919916537743 -1.93160009844153 0.0732333273863145
1 0.223555257475639 0.449141616781732 3.59933319585831
1 -0.362173516797791 -0.719060247125842 3.29373871202073
1 -0.384996975936313 -0.761234304028937 1.10491990322065
1 0.40880208542419 0.812120327291221 5.35773717767372
1 0.670307514609111 1.31601574928654 3.96380466170219
1 -1.21720357702922 -2.44349135608459 1.25764344873511
1 1.24285369924681 2.48908475060559 5.31400981607781
1 -0.471823484472132 -0.946917262699525 1.80443711199997
1 0.024389570525618 0.0312339262192984 3.43196445504797
1 0.222899379679154 0.432047498409367 4.54016725578471
1 -0.303116007562044 -0.61382727646551 2.25081858281351
1 -0.00645033830463474 -0.0080086965879506 1.50400452593734
1 1.81068566737312 3.61954516136464 8.06624626349542
1 -0.157546689502086 -0.324014784183179 3.68341020602069
1 0.220413378881877 0.426567756278826 4.97058424381263
1 -1.06696694847353 -2.14482843318919 -1.44792941956412
1 0.423840779436902 0.854429208897657 3.79421534989918
1 0.778263933848179 1.5586555534191 5.35478678063218
1 2.40082926675797 4.79437142061227 10.379051157288
1 1.47982240493291 2.94025872839293 6.86026007968421
1 0.980274742270523 1.94391939010547 5.72164328522294
1 0.0963553066423135 0.221127513041432 3.73056471270673
1 0.619311695562038 1.23677689693159 4.0196691235265
1 -0.635134992193004 -1.27151609056574 1.62833020461032
1 -0.243058587606571 -0.478719070582302 1.6428427979153
1 -2.77372511413768 -5.5362321832833 -4.99031296560891
1 0.0660100184132951 0.124197883679187 2.97263278309071
1 0.167638370463416 0.336515598344826 4.11475657015383
1 -0.00888833332155408 -0.0329614519919827 2.58448092378713
1 -0.442961940382943 -0.880625449543214 2.55237896073333
